Accuracy: 80.00%

              precision    recall  f1-score   support

           0       0.86      1.00      0.92         6
           1       1.00      0.85      0.92        13
           2       0.50      0.89      0.64         9
           3       0.57      0.50      0.53         8
           4       0.70      0.88      0.78         8
           5       0.85      0.92      0.88        12
           6       0.92      1.00      0.96        12
           7       0.78      0.88      0.82         8
           8       1.00      0.91      0.95        11
           9       1.00      0.50      0.67        14
          10       0.90      0.90      0.90        10
          11       0.91      0.91      0.91        11
          12       0.50      0.29      0.36         7
          13       0.57      0.67      0.62         6

    accuracy                           0.80       135
   macro avg       0.79      0.79      0.78       135
weighted avg       0.82      0.80      0.80       135
